938.161976 987.702927
595.322623 216.194031
533.193578 956.131605
215.025142 19.055095
889.859454 85.667652
428.906578 531.169408
630.630360 408.662706
303.818842 376.054664
124.721592 979.029394
147.363491 593.092747
462.334277 216.603892
329.242475 362.750670
732.195803 473.060496
822.847265 186.596252
973.306520 833.535913
135.524803 733.937187
428.865730 627.565554
162.945862 312.723313
39.180555 424.506636
729.120296 806.841145
195.993152 556.128681
996.003139 752.416187
920.608270 740.567351
480.673423 98.466243
905.742352 285.232674
677.794444 345.078621
875.951917 119.340515
905.635231 405.189863
245.842671 663.994603
245.722914 839.555883
371.277507 29.819655
784.378948 910.696880
884.720390 824.454246
189.630138 184.423581
243.305325 282.044687
964.194017 869.996033
987.965757 552.439402
41.803716 493.871670
145.149403 775.658492
938.299666 649.474544
308.158403 109.177969
397.330053 99.489424
830.802361 4.005512
98.316652 117.258340
439.564907 355.115709
241.651307 488.544048
234.758526 626.239348
274.025955 487.227777
108.234585 2.804896
817.543721 829.103039
636.180156 338.451120
968.053457 973.970967
415.968066 787.449151
699.881930 839.979656
152.253800 562.116900
939.666699 631.923415
270.988864 178.803085
707.509589 48.266785
988.661610 294.470924
618.449233 353.216681
681.942811 417.473705
607.788214 215.131362
122.037746 595.792274
639.477945 914.686766
246.669654 897.203472
149.009005 706.321091
80.697287 834.660423
656.265145 243.357360
776.611473 680.356964
425.812808 213.344698
849.263163 347.274143
500.981032 811.471658
907.955132 339.947711
198.308295 39.287791
172.336144 979.156811
994.112340 354.425464
724.867449 91.417230
642.032909 802.964498
362.236899 813.006916
758.861690 302.904311
974.459600 506.596585
553.309455 91.175605
351.383420 936.205944
342.851425 524.277813
981.596767 359.517285
880.007582 624.567793
944.066053 245.241567
552.979331 322.006136
389.598994 699.190117
148.382652 878.614269
202.014139 122.525079
104.930604 539.606722
821.150159 468.638039
874.491798 497.141615
314.866395 546.629586
374.514355 571.353949
537.116007 997.856549
798.615920 155.243541
94.182984 590.179702
554.225367 748.235665
644.842466 172.292403
47.690800 502.890968
522.515803 496.239682
287.395865 18.461311
595.140561 230.400094
352.997611 360.706167
236.864603 353.014064
461.464447 213.423078
579.011273 731.731358
491.313826 461.865556
457.437544 955.235987
543.889882 320.430317
1.112540 679.752676
880.086201 670.217056
280.982373 187.223596
155.150120 802.763309
237.112805 137.458877
684.545055 182.770386
34.000252 60.920774
919.670477 114.798765
729.352854 239.477430
480.411207 893.151932
24.833138 736.348964
206.348816 171.443395
904.679969 886.870003
902.804339 838.910490
448.858450 618.108995
659.096715 300.854420
629.323964 507.909832
863.167655 424.964372
523.679265 599.969396
882.576379 136.985195
501.486854 149.844005
957.735774 346.197576
175.020174 389.841870
820.204097 663.997880
622.507605 3.655873
794.032678 41.717504
313.292663 490.413047
255.055516 316.378160
660.666191 201.997612
393.649428 637.412289
888.792118 904.647919
890.015375 922.064132
947.918975 265.559653
457.762789 510.688991
404.022338 599.712180
713.978265 553.930469
395.188197 843.768700
397.542493 739.047615
748.609849 166.905457
230.584995 345.658731
871.805967 262.104210
123.598069 103.235975
729.159615 489.351243
709.583592 610.510341
301.854976 776.767094
967.168273 689.754760
3.679897 547.414726
581.689364 180.410992
731.920237 475.191264
357.760292 225.821609
782.288692 166.491925
772.157447 987.390623
467.788548 332.787501
604.137412 686.067690
829.369523 123.289171
720.590374 161.526693
560.732071 487.583624
320.885394 26.231571
158.782054 958.991227
726.808319 935.887340
889.535803 810.247853
236.697024 697.216331
73.628689 781.823905
229.328496 872.009578
48.596626 270.909342
854.240379 487.549938
147.366777 617.400440
101.912287 925.865848
907.285781 385.811357
83.407914 46.082176
935.673254 473.851220
898.363917 599.823243
10.036076 22.093980
541.463939 352.313257
755.350721 303.334047
779.913064 716.238946
328.339402 772.527278
127.677836 576.035005
355.750247 717.697125
668.063675 122.895702
643.765096 545.076966
32.242659 33.290787
451.742795 613.998320
295.034817 385.123979
117.514108 623.952183
472.482930 931.513626
985.876026 492.215771
934.813278 781.219083
